MUL:

        0x0000, 0x0001, 0x0007, 0x001f, 0x007f, 0x01ff, 0x07ff, 0x1fff, 0x7fff, 0xc000, 0xf000, 0xfc00, 0xff00, 0xffc0, 0xfff0, 0xfffc, 0xffff

0x0000  124     125     127     129     131     133     135     137     139     126     128     130     132     134     136     138     140
0x0001  124     125     127     129     131     133     135     137     139     126     128     130     132     134     136     138     140
0x0007  124     125     127     129     131     133     135     137     138     125     127     129     131     133     135     137     139
0x001f  124     125     127     129     131     133     135     136     138     125     127     129     131     133     135     137     139
0x007f  124     125     127     129     131     133     134     136     138     125     127     129     131     133     135     137     139
0x01ff  124     125     127     129     131     132     134     136     138     125     127     129     131     133     135     137     139
0x07ff  124     125     127     129     130     132     134     136     138     125     127     129     131     133     135     137     139
0x1fff  124     125     127     128     130     132     134     136     138     125     127     129     131     133     135     137     139
0x7fff  124     125     126     128     130     132     134     136     138     125     127     129     131     133     135     137     139
0xc000  124     125     126     128     130     132     134     136     138     125     127     129     131     133     135     137     139
0xf000  124     125     126     128     130     132     134     136     138     125     127     129     131     133     135     137     139
0xfc00  124     125     126     128     130     132     134     136     138     125     127     129     131     133     135     137     139
0xff00  124     125     126     128     130     132     134     136     138     125     127     129     131     133     135     137     139
0xffc0  124     125     126     128     130     132     134     136     138     125     127     129     131     133     135     137     139
0xfff0  124     125     126     128     130     132     134     136     138     125     127     129     131     133     135     137     139
0xfffc  124     125     126     128     130     132     134     136     138     125     127     129     131     133     135     137     139
0xffff  124     125     126     128     130     132     134     136     138     125     127     129     131     133     135     137     139


        124     125     126/127 128/129 130/131 132/133 134/135 136/137 138/139 125/126 127/128 129/130 131/132 133/134 135/136 137/138 139/140

0x0000     124
0x0001     125
0xc000 125/126
0x0007 126/127
0xf000 127/128
0x001f 128/129
0xfc00 129/130
0x007f 130/131
0xff00 131/132
0x01ff 132/133
0xffc0 133/134
0x07ff 134/135
0xfff0 135/136
0x1fff 136/137
0xfffc 137/138
0x7fff 138/139
0xffff 139/140

Code is:
  mov ax,0
  mul bx

So -4 for "mov ax,0" (EU cost only)


IMUL:

        0x0000, 0x0001, 0x0007, 0x001f, 0x007f, 0x01ff, 0x07ff, 0x1fff, 0x7fff, 0xc000, 0xf000, 0xfc00, 0xff00, 0xffc0, 0xfff0, 0xfffc, 0xffff

0x0000  134     135     137     139     141     143     145     147     149     149     149     149     149     149     149     149     149
0x0001  134     135     137     139     141     143     145     147     149     149     149     149     149     149     149     149     149
0x0007  134     135     137     139     141     143     145     146     148     148     149     149     149     149     149     149     149
0x001f  134     135     137     139     141     143     144     146     148     148     148     149     149     149     149     149     149
0x007f  134     135     137     139     141     142     144     146     148     148     148     148     149     149     149     149     149
0x01ff  134     135     137     139     140     142     144     146     148     148     148     148     148     149     149     149     149
0x07ff  134     135     137     138     140     142     144     146     148     148     148     148     148     148     149     149     149
0x1fff  134     135     136     138     140     142     144     146     148     148     148     148     148     148     148     149     149
0x7fff  134     135     136     138     140     142     144     146     148     148     148     148     148     148     148     148     149
0xc000  145     146     147     149     151     153     155     157     159     135     135     135     135     135     135     135     136
0xf000  145     146     148     149     151     153     155     157     159     135     135     135     135     135     135     136     136
0xfc00  145     146     148     150     151     153     155     157     159     135     135     135     135     135     136     136     136
0xff00  145     146     148     150     152     153     155     157     159     135     135     135     135     136     136     136     136
0xffc0  145     146     148     150     152     154.512 155     157     159     135     135     135     136     136     136     136     136
0xfff0  145     146     148     150     152     154.512 156     157     159     135     135     136     136     136     136     136     136
0xfffc  145     146     148     150     152     154.512 156     158     159     135     136     136     136     136     136     136     136
0xffff  145     146     148     150     152     154     156     158     160     136     136     136     136     136     136     136     136



0x0000      134 145
0x0001      135 146
0xc000  135/136 148/149
0x0007  137/138 147/148
0xf000  135/136 148/149
0x001f  138/139 149/150
0xfc00  135/136 148/149
0x007f  140/141 151/152
0xff00  135/136 148/149
0x01ff  142/143 153/154/154.5?
0xffc0  135/136 148/149
0x07ff  144/145 155/156
0xfff0  135/136 148/149
0x1fff  146/147 157/158
0xfffc  135/136 148/149
0x7fff  148/149 159/160
0xffff  136     149

Code is:
  mov ax,0
  mul bx

So -4 for "mov ax,0" (EU cost only)

