mov ax,[di]
00100 : 00044  00334    450
00200 : 00083  00659    900
00300 : 00123  00984   1350
00400 : 00163  01309   1800
00500 : 00202  01634   2250
00600 : 00242  01959   2700
00700 : 00282  02284   3150
00800 : 00323  02609   3600
00900 : 00361  03190   4050
01000 : 00401  03516   4500

mov bx,[di]
00100 : 00044  00334
00200 : 00083  00659
00300 : 00123  00984
00400 : 00163  01309
00500 : 00202  01634
00600 : 00242  01959
00700 : 00282  02540
00800 : 00322  02609
00900 : 00362  02934
01000 : 00402  03259




