experiment0          304 +000  +000  +000  +000  +000    0
experiment1          304 +000  +000  +000  +000  +000    0
experiment2          304 +000  +000  +000  +000  +000    0
experiment3          304 +000  +000  +000  +000  +000    0
experiment4          304 +000  +000  +000  +000  +000    0
experiment5          304 +000  +000  +000  +000  +000    0
experiment6          304 +000  +000  +000  +000  +000    0
experiment7          304 +000  +000  +000  +000  +000    0
experiment8          304 +000  +000  +000  +000  +000    0
experiment9          304 +000  +000  +000  +000  +000    0
experimentA          304 +000  +000  +000  +000  +000    0
experimentB          304 +000  +000  +000  +000  +000    0
experimentC          304 +000  +000  +000  +000  +000    0
experimentD          304 +000  +000  +000  +000  +000    0
experimentE          304 +000  +000  +000  +000  +000    0
experimentF          304 +000  +000  +000  +000  +000    0

experiment10         297 +000  +000  +000  +000  +000    7  21
experiment11         298 +000  +000  +000  +000  +000    6  18
experiment12         299 +000  +000  +000  +000  +000    5  15
experiment13         300 +000  +000  +000  +000  +000    4  12
experiment14         301 +000  +000  +000  +000  +000    3   9
experiment15         296 +000  +000  +000  +000  +000    8  24
experiment16         297 +000  +000  +000  +000  +000    7  21
experiment17         298 +000  +000  +000  +000  +000    6  18
experiment18         299 +000  +000  +000  +000  +000    5  15
experiment19         300 +000  +000  +000  +000  +000    4  12
experiment1A         296 +000  +000  +000  +000  +000    8  24
experiment1B         297 +000  +000  +000  +000  +000    7  21
experiment1C         298 +000  +000  +000  +000  +000    6  18
experiment1D         299 +000  +000  +000  +000  +000    5  15
experiment1E         300 +000  +000  +000  +000  +000    4  12
experiment1F         296 +000  +000  +000  +000  +000    8  24

experiment20         300 +000  +000  +000  +000  +000


 3  1
 4  3
 5  3
 6  3
 7  3
 8  3
